AA       78   91   79   86   88   93  160  181  103   88  123   95
KK       57   56   63   96   62  113   59   64   72   46  113   47
QQ      100   78   65   82   84   86   74  155   91  144  109   48
JJ       42   70   53   49   52   75   82   65   75   92   92   42
1010     35   43   51   47   69   76   81   67   56   57   81   50
99       11    8   19   25   16   23   23   28   10   21   25   34
77       14   17    8   10   16    3   -3   -7   -1   14    5   -9
55      -17   -4   -1  -16   -5    2   -8   -4   -4   -0  -13    0
AKb      12   35   26   14   17   16   17   81   49   44   46   44
AQb      24   11   24   20   53   32   19   19   43   50   24   27
AJb      14   22    6   17   32    7  -12   38   20   53   47   25
A10b     17   30   15   14   11   17   10   34    9   19   31   10
A9b      14   12    1   11   19   31    5   20   22    6   14    4
A7b      42   30   18   29   41   24   36   60   26   38   58   48
A5b       9   -1    6   12    5    1    8  -16   14  -22   35   28
KQb      -1    6    6   15    2   -6   13    1   -4   12   -9   -1
KJb      13   33   26   44   38   15   22   26   15   10   24   -3
K10b     13   -2    6  -13    4  -17  -10  -12   12   -9   10   -8
K9b      13   11   15   31    5   28   41   25   32    7   19   28
K7b      -2   -3   -3   -7   -1   -7  -13  -15   -3   -7  -11   -1
K5b      -7   -4   -2   -3   -1   -6   -7   -4   -8  -11   -4   -9
QJb      10   17   19   16    8   22   23   26   24   28   34   22
Q10b      3   52   13   30    1    0   17    6   13   16   44   -6
Q9b       2   -9   11  -10    3   -9  -11    4  -18    2   -3  -11
Q7b      -4   -8   -3  -11  -12   -8   -1   -8   -2  -11   -0   -9
Q5b      -6   -4   -4   -7  -11  -13  -11  -11  -15  -11  -16  -18
AK       33   50   35   50   52   67   59   56   67   62   58   47
AQ       44   40   64   54   37   39   57   64   92  141   68   41
AJ       27    7   26    2   36   35   18   31    1   20   32   11
A10      42   35   20   19   20   41    2   31   35   38   30   12
A9      -10   -0  -10   -8    1   -9  -15  -29   -1  -16  -10   -7
A7        1   -9   -2   -5   -4   -1  -13   -7   -9   -5   -9    2
A5       -5   -2   -3    1   -8    0   -3   -4   -1   -3  -11   -6
KQ       12    9   13    8    7   14   30   10   12   12   25    1
KJ       17   18   30   32   -2   10    8   19   22   26   45   18
K10      25   38   20   40   37   52   55   50   75   35   52   11
K9      -10    4  -18  -19   -8  -14  -22   -6   -6   -7   -8  -11
K7       -3   -9  -10   -6   -6   -2   -7   -6   -7   -2  -15   -4
K5       -3   -3   -1   -7    2   -7   -7   -3   -3   -1   -4   -9
QJ       -6    1   -4  -18   -6   -0   -9   -9  -16   -3  -16   23
Q10      -3    3   -8    9    3   -1  -11  -10  -18    3  -12   -3
Q9       -5   -1   -3   -2   -3   -2  -10   -3  -13   -5   -1  -11
Q7       -7   -7  -10  -15  -10  -15  -15   -6  -17   -2  -10  -17
Q5       -4   -5   -4   -6  -10   -4  -10  -12  -14   -8  -17  -14
J-1b    -45  -41  -56    2  -58  -10  -60  -57 -136   13  -94 -244
J-2b     -3    0   -8   -5  -10   -5  -12    1   -6  -13  -10    4
J-3b     -6   -9   -7    9  -19   -9   -6  -16   -8   -0   -8   -8
Jb       -3   -6   -7   -8   -8  -12  -15  -13  -17  -15  -12  -13
9-1b     -3   -1   -4   -3  -11   -9   -7  -11   -9   -8   -8  -18
9-2b     -6   -6  -14  -12  -10  -13  -17  -12  -12   -3  -11  -19
9-3b     -4   -4  -11   -7   -4   -2   -8  -11   -3  -11  -10  -12
9b       -9  -10  -20  -12  -11  -15  -23  -14  -21  -14  -14  -19
J-1      -9  -10  -13  -30  -20  -20  -11  -14  -18   -7   -8   -8
J-2      -4   -4   -2   -8   -9  -10   -5  -11   -0  -13  -18  -12
J-3       1   -9   -8   -7   -7  -10   -4   -1   -2  -12   -6   -4
J       -21  -26  -16  -17  -24  -20  -24  -32  -42  -30  -24  -30
9-1      -3   -3   -3   -3   -8  -10   -6  -12  -10   -2   -6   -8
9-2      -5   -5  -13   -9  -11  -11  -15  -19  -10  -18  -12  -23
9-3      -5   -7   -9   -7   -9   -8   -4   -7  -10    0   -9  -12
9        -8  -12   -9  -10  -10  -17  -12  -16  -14  -12  -14  -19

0.00     -6   -1   -7   -8  -12  -10  -12   -5   -6  -13   -8   -5   -5   -1    0    0    0    0    0    0    0
0.05   -127  -38 -151 -255 -222 -246 -247 -276 -304 -379 -393 -496 -634  -98   -9    1    2   -3   -0    0    0
0.10   -356  -77 -319 -388 -382 -434 -454 -527 -606 -572 -733 -812 -924 -199  -51  -12  -17   -1    1   -0   -3
0.15   -399  -75 -262 -402 -365 -359 -414 -386 -488 -541 -683 -698 -808 -221  -74  -42  -22   -0   16   -2    2
0.20   -327  -98 -270 -365 -315 -385 -373 -466 -478 -557 -553 -703 -720 -227  -86  -28  -21   -3  -10   -8   -8
0.25   -333 -150 -293 -302 -377 -298 -364 -349 -417 -445 -516 -691 -675 -183 -105  -44  -23  -21   -6  -13    5
0.30   -218 -105 -226 -251 -246 -265 -232 -273 -314 -366 -339 -423 -434 -158  -70  -30   -5  -18    0    1  -12
0.35   -158  -77  -29 -244 -174 -122 -178 -244 -336 -278 -278 -395 -303 -151  -51  -52  -27  -43    8  -35   -9
0.40   -157 -199 -119 -140 -223 -165 -188 -168 -271 -200 -192 -358 -163  -93  -80   23  -44  -15  -15  -28    4
0.45   -124 -146  -91 -139 -142 -207 -187 -202 -161 -159 -180 -213  -31 -130 -112   -1  -18  -51  -21   -5  -13
0.50    -78  -61 -116 -103 -128  -77  -90 -104 -207 -157 -165 -177   30 -146  -67  -88  -24  -20   -2  -23    6
0.55    -46  -81  -75  -35  -75  -62  -68 -110  -76  -61  -13    1  217 -105    3  -46  -33  -16  -28   -0   -9
0.60    -26 -146  -20  -92  -19  -60  -65  -65  -62  -71  -79   -5  295  -97 -116  -13  162   -6   -7  -16  -12
0.65    -14  -24  -19   36   21  -44   -6  -67   23   75   15   31  396  -84  -61  -58  -24   -4  -21   -9  -16
0.70    -33  -22  -18   59  -29   -0   18  -89  -66   37  111   96  340 -114  -80  -70    2  -39   -9    1   20
0.75     54  -49   53  -54   13   -8  -64   19    1   53   88   79  398  -22  -17  -44    3    5   20   -2    0
0.80    -58  -16  -40    4   15  -66  -14  -51  -86 -120   31   81  363  -21  -21   42  -35  -24  -17    1   -8
0.85    -63 -104   10  -21  -11  -18  -24  -44  -30   48   74   51  367  -47 -141  -28  -14  -19   -4  -12   -8
0.90    188   27  127   68   -4   48  115   54   61  110  169  210  477  -72   92  -28   -9  -25    1   -2    3
0.95     -4  -19    6  -16   49  -50  -17   12   34   13   77   48  224   -2  -12  -10    2    4    4  -18   -2
0.98     23   -4   -2   47   21   -2   16   -3   64   14   74   81  134    7  -13   -8   -5   -0    4    4    0

0.00    -22  -90  -29  -29  -24  -40  -94  -32  -12  -10  -10  -94  -20    0    0    0    0    0    0    0    0
0.05   -110  -68  -83  -98 -115 -111 -124  -89 -195 -128 -134 -187 -198  -14    1   -1    0    0    0    0    0
0.10   -174  -85 -124 -182 -218 -171 -216 -185 -204 -242 -237 -259 -401  -24    2   -1   -1    2    0    0    0
0.15   -282   21 -162 -210 -213 -201 -185 -301 -236 -254 -286 -369 -352  -52  -12    0    3   -0    2   -3    0
0.20   -108  -37 -121 -201 -237 -210 -183 -205 -148 -247 -227 -280 -313  -73   -8    8   -1   -4    0    0    0
0.25     37  -86  -99 -182 -226 -171 -173 -203  -10 -174 -229 -199  -91  -56    1   10   -2   -1   -1   -0    0
0.30    -42  -93 -168 -192 -245 -180 -174 -156 -236 -193 -241 -179 -279  -51   -7    8   -1   -2    1    2   -1
0.35   -182 -200 -197 -163  -50 -152 -139  -74 -174 -159 -160 -196 -243  -29    2    7   -2   -1    1    0    1
0.40    -50  -67  -96   -3  -31 -115  -83 -132  -82  -73 -127  -88  -82  -24   26    4   -4   -2    0    0    3
0.45    -88   77  -56 -135  -88  -86 -126 -110  -84  -53 -146 -137 -124  -41  -18   -6  -11    5    4    8    1
0.50    -48  -27  -92  -72 -101   14 -116  -23  -64 -104  -74  -66  -27   13   -7    5    4    9   -1    2    0
0.55    -52  256  -15    4  -25  -52  -33  -30  -34  -65  -28  -19  -62   -0    0   -7    1    2   -1    0    0
0.60    -23   26   15   62  -66   10  -47  -23  -44  -13   -1   -0  -11   -3   -4   -0    8    4    2    3    3
0.65     52   37   23  243  254  129   16   -4    7   30   28   81   51   -0   -5   -4  -13    4    2   -2   -0
0.70     -7   12  116   26  -12  100  -36    1  -20  -15   -4   37    2   -6    3   -3    0    1   -2    2    1
0.75      4   42   26  -13   17  -42    1  -31   -4    2   29   19    7  -12   -9    9   -1   -2   -5    3    0
0.80     26   69  -12   93   28    0   79  138  202   30   19   75   20   -0    6   11    1  -13    2    1   -1
0.85     43  228   65   88  -34  282   12  -58   29   23   55  285  -26    1   -3  -14   18    6    6    2   -0
0.90    136  113   73  118   41   54   88    8   59  101   93  148   61   30   -9   -7    2   -1    0   -1   -0
0.95    -44   92   68   66   -6   86   55   61   20   14   62    9  166   39    9    9    5    3    1    0    0
0.98     65   15   47   26  -25   10   57   30   21   73   41   60   44   15   -1   -1    0    1    0    0    0

0.00   -117  -58 -136 -196 -104 -144 -137 -218 -155 -131 -348 -192 -192  -16   -2    3    0    0    0    0    0
0.05   -153  208 -103  117  -84 -140  179  442  131 -161   90 -149 -195  -11   -0   -2    1    0    0    0    0
0.10    -92  -40  -79  -79 -102 -107 -122 -110 -126  -88 -110 -118 -125  -17   -3    0    0    0    0    0    0
0.15   -126  -80 -250  -76 -148 -203 -103 -104  -96  -91 -116  -54 -143   -1   -1    0    1    0    0    0    0
0.20    -65  -37  -27 -172 -119  -67  -81  -58 -150 -147  -71  -73  -85   -6    2   -1   -0   -1    0    0    0
0.25    227   22  -76  -63  -63  -45  -67  218  -80  -70  182  -96 -129   -9    2   -0    0    0    0    0    0
0.30    -64  -62  -64  -48  162  -38  -70  -35  -60  -41  -50  -70  -62  249   -2   -2    0    0   -1    0    0
0.35    -73  -22 -114  105  -53 -114  -81  -72 -183  -53  -95  -84  -40    3   -2   -2    4   -0    4    0   -0
0.40    -45    4 -147   -4   11   -4  -24  -24   -5  -17  -38  -20  -56    1   -0   -1    0    0    0    0    0
0.45    252   38  227  -23  -42  -63   -3  -49  -65  -47  -38  -39  124   -2    1    2    2   -1    0   -1    0
0.50    -22   64   63  -45  -24  -31   -3   21   -6   13  -49  -23   -3   12   -2    1   -1   -1    0    0    0
0.55    -30  -17   -2   62   -3  -14  -11  -70   -6 -104    4   11 -101   12   -3   -0   -0    1    0    0    0
0.60     52   -6  -44  -48   -1  -32   29  -43  -19  -18   20   19    6   16   -1    0    1   -1    0    0    0
0.65    -69   43   32  -22   -7  -15  -44   71  -23  -23    4  -84  108   -1   -1    5   -1   -1    0    0    0
0.70      6   67    3  370   13   73   21   27  286   36    9   57   31   15   -0   -1   -1    0    0    0    0
0.75    -57  -50   20    2   15   -9  -17   36  -18  -33    6   16    3    1   -2   -1   -1   -0   -1    0    0
0.80     26   22  -73    2  -23 -103 -200  -19   15  -10   22 -227   50   -0   -1    2    2    3    4    0    0
0.85     31   26   11   39   24   47    5   11   36    5   11   45   63    0   20    1   -1   -1    2    0    0
0.90     23  -28  103  164  -27   67   56  142  -12   30   31   23   88   10    4    2    3    0   -0    0    0
0.95     22   46  107  179   18   28  225   -6 -125   50   89  338  -18    4   -1    1   -0    0    0    1    1
0.98     31   34   13   96  -15  220   11   -2    5    3   52   59   99   -9   -1   -0   -0    0   -0    0    0

